1.882842712474619207e+00
1.765685424949237969e+00
2.435379270619144609e+00
1.248528137423857043e+00
1.855583373505873324e+00
2.179795897113271597e+00
2.089897948556635576e+00
2.152536558144525713e+00
1.414213562373095145e+00
2.000000000000000000e+00
8.485281374238571317e-01
1.414213562373095145e+00
1.882842712474619207e+00
1.414213562373095145e+00
2.961967338915066250e+00
2.000000000000000000e+00
2.359591794226542305e+00
1.882842712474619207e+00
2.179795897113271597e+00
2.089897948556635576e+00
1.765685424949237969e+00
1.648528137423857176e+00
2.359591794226542305e+00
2.359591794226542305e+00
2.089897948556635576e+00
2.601064695568382934e+00
1.648528137423857176e+00
8.485281374238571317e-01
1.414213562373095145e+00
2.676852171960985238e+00
1.882842712474619207e+00
1.882842712474619207e+00
1.414213562373095145e+00
2.179795897113271597e+00
2.269693845669906729e+00
1.414213562373095145e+00
1.482842712474619074e+00
1.765685424949237969e+00
2.179795897113271597e+00
1.414213562373095145e+00
1.882842712474619207e+00
2.000000000000000000e+00
8.485281374238571317e-01
1.882842712474619207e+00
2.062638609587890137e+00
1.414213562373095145e+00
2.089897948556635576e+00
1.882842712474619207e+00
2.089897948556635576e+00
1.531370849898476161e+00
2.152536558144525713e+00
1.765685424949237969e+00
1.248528137423857043e+00
2.269693845669906729e+00
1.482842712474619074e+00
2.000000000000000000e+00
2.511166747011746914e+00
1.882842712474619207e+00
2.359591794226542305e+00
2.269693845669906729e+00
1.414213562373095145e+00
2.089897948556635576e+00
2.828427124746190291e+00
8.485281374238571317e-01
1.248528137423857043e+00
1.482842712474619074e+00
1.882842712474619207e+00
2.449489742783177881e+00
2.449489742783177881e+00
2.269693845669906729e+00
1.765685424949237969e+00
2.179795897113271597e+00
1.414213562373095145e+00
1.414213562373095145e+00
2.601064695568382934e+00
1.882842712474619207e+00
2.000000000000000000e+00
1.414213562373095145e+00
1.531370849898476161e+00
2.269693845669906729e+00
1.648528137423857176e+00
1.414213562373095145e+00
1.414213562373095145e+00
2.089897948556635576e+00
2.152536558144525713e+00
1.765685424949237969e+00
1.765685424949237969e+00
2.359591794226542305e+00
1.882842712474619207e+00
1.648528137423857176e+00
2.179795897113271597e+00
2.359591794226542305e+00
1.765685424949237969e+00
2.000000000000000000e+00
2.895197231830628048e+00
1.648528137423857176e+00
1.248528137423857043e+00
2.359591794226542305e+00
1.882842712474619207e+00
2.449489742783177881e+00
1.765685424949237969e+00
3.095507553083941765e+00
2.000000000000000000e+00
2.269693845669906729e+00
1.365685424949238058e+00
2.269693845669906729e+00
2.359591794226542305e+00
3.028737445999504008e+00
2.752639648353587543e+00
2.676852171960985238e+00
2.000000000000000000e+00
1.882842712474619207e+00
1.414213562373095145e+00
2.359591794226542305e+00
1.648528137423857176e+00
2.269693845669906729e+00
1.600000000000000089e+00
1.414213562373095145e+00
1.648528137423857176e+00
1.531370849898476161e+00
1.648528137423857176e+00
2.179795897113271597e+00
1.414213562373095145e+00
1.882842712474619207e+00
1.131370849898476028e+00
2.676852171960985238e+00
1.414213562373095145e+00
2.179795897113271597e+00
1.414213562373095145e+00
2.000000000000000000e+00
1.882842712474619207e+00
1.414213562373095145e+00
2.586954223404349662e+00
2.269693845669906729e+00
2.752639648353587543e+00
0.000000000000000000e+00
1.531370849898476161e+00
2.000000000000000000e+00
5.656854249492380138e-01
8.485281374238571317e-01
1.131370849898476028e+00
1.414213562373095145e+00
8.485281374238571317e-01
1.882842712474619207e+00
1.882842712474619207e+00
8.485281374238571317e-01
2.179795897113271597e+00
1.972740661031254561e+00
1.414213562373095145e+00
1.882842712474619207e+00
2.525277219175780186e+00
1.414213562373095145e+00
2.359591794226542305e+00
1.414213562373095145e+00
1.765685424949237969e+00
1.648528137423857176e+00
1.662638609587890004e+00
2.179795897113271597e+00
2.000000000000000000e+00
1.779795897113271241e+00
2.752639648353587543e+00
2.000000000000000000e+00
1.414213562373095145e+00
2.000000000000000000e+00
2.062638609587890137e+00
1.531370849898476161e+00
2.449489742783177881e+00
1.414213562373095145e+00
2.179795897113271597e+00
1.414213562373095145e+00
2.269693845669906729e+00
2.000000000000000000e+00
1.882842712474619207e+00
2.000000000000000000e+00
1.972740661031254561e+00
1.414213562373095145e+00
2.089897948556635576e+00
2.062638609587890137e+00
8.485281374238571317e-01
2.179795897113271597e+00
2.179795897113271597e+00
1.531370849898476161e+00
2.269693845669906729e+00
1.882842712474619207e+00
2.000000000000000000e+00
1.882842712474619207e+00
1.882842712474619207e+00
2.421268798455111781e+00
2.000000000000000000e+00
1.248528137423857043e+00
2.000000000000000000e+00
2.000000000000000000e+00
2.179795897113271597e+00
1.531370849898476161e+00
1.882842712474619207e+00
2.179795897113271597e+00
2.676852171960985238e+00
1.414213562373095145e+00
1.248528137423857043e+00
2.000000000000000000e+00
0.000000000000000000e+00
8.485281374238571317e-01
2.359591794226542305e+00
1.648528137423857176e+00
2.000000000000000000e+00
1.414213562373095145e+00
1.765685424949237969e+00
2.179795897113271597e+00
2.359591794226542305e+00
2.000000000000000000e+00
1.648528137423857176e+00
2.089897948556635576e+00
1.972740661031254561e+00
1.882842712474619207e+00
2.000000000000000000e+00
1.248528137423857043e+00
1.855583373505873324e+00
8.485281374238571317e-01
1.414213562373095145e+00
0.000000000000000000e+00
1.765685424949237969e+00
2.269693845669906729e+00
2.000000000000000000e+00
1.882842712474619207e+00
1.765685424949237969e+00
5.656854249492380138e-01
1.882842712474619207e+00
2.089897948556635576e+00
2.961967338915066250e+00
2.062638609587890137e+00
2.752639648353587543e+00
2.000000000000000000e+00
2.752639648353587543e+00
2.269693845669906729e+00
1.648528137423857176e+00
1.882842712474619207e+00
8.485281374238571317e-01
2.179795897113271597e+00
1.882842712474619207e+00
1.414213562373095145e+00
1.414213562373095145e+00
2.752639648353587543e+00
2.089897948556635576e+00
1.882842712474619207e+00
2.752639648353587543e+00
1.765685424949237969e+00
2.000000000000000000e+00
1.531370849898476161e+00
2.269693845669906729e+00
1.414213562373095145e+00
2.089897948556635576e+00
8.485281374238571317e-01
1.414213562373095145e+00
1.648528137423857176e+00
1.131370849898476028e+00
2.449489742783177881e+00
2.000000000000000000e+00
1.882842712474619207e+00
0.000000000000000000e+00
1.414213562373095145e+00
2.089897948556635576e+00
2.269693845669906729e+00
1.131370849898476028e+00
1.414213562373095145e+00
2.000000000000000000e+00
2.179795897113271597e+00
2.000000000000000000e+00
2.000000000000000000e+00
2.449489742783177881e+00
1.531370849898476161e+00
2.525277219175780186e+00
2.269693845669906729e+00
2.000000000000000000e+00
2.359591794226542305e+00
1.600000000000000089e+00
1.882842712474619207e+00
1.365685424949238058e+00
2.269693845669906729e+00
1.765685424949237969e+00
2.359591794226542305e+00
2.089897948556635576e+00
2.000000000000000000e+00
1.414213562373095145e+00
2.000000000000000000e+00
2.000000000000000000e+00
2.000000000000000000e+00
2.179795897113271597e+00
2.062638609587890137e+00
1.648528137423857176e+00
1.765685424949237969e+00
1.531370849898476161e+00
1.882842712474619207e+00
1.365685424949238058e+00
1.648528137423857176e+00
5.656854249492380138e-01
1.765685424949237969e+00
2.359591794226542305e+00
2.601064695568382934e+00
1.531370849898476161e+00
1.882842712474619207e+00
2.000000000000000000e+00
1.414213562373095145e+00
1.765685424949237969e+00
2.449489742783177881e+00
1.882842712474619207e+00
2.269693845669906729e+00
1.414213562373095145e+00
1.248528137423857043e+00
1.414213562373095145e+00
1.131370849898476028e+00
2.000000000000000000e+00
1.882842712474619207e+00
8.485281374238571317e-01
2.000000000000000000e+00
2.000000000000000000e+00
2.089897948556635576e+00
1.882842712474619207e+00
1.414213562373095145e+00
2.000000000000000000e+00
1.414213562373095145e+00
1.648528137423857176e+00
1.765685424949237969e+00
8.485281374238571317e-01
1.972740661031254561e+00
1.414213562373095145e+00
1.882842712474619207e+00
2.449489742783177881e+00
2.000000000000000000e+00
1.414213562373095145e+00
2.952949969606901703e+00
1.531370849898476161e+00
2.089897948556635576e+00
2.179795897113271597e+00
2.269693845669906729e+00
1.765685424949237969e+00
1.882842712474619207e+00
2.449489742783177881e+00
1.662638609587890004e+00
1.414213562373095145e+00
2.000000000000000000e+00
1.131370849898476028e+00
2.179795897113271597e+00
1.765685424949237969e+00
1.531370849898476161e+00
2.000000000000000000e+00
2.179795897113271597e+00
1.531370849898476161e+00
2.752639648353587543e+00
1.882842712474619207e+00
1.765685424949237969e+00
2.000000000000000000e+00
2.179795897113271597e+00
1.765685424949237969e+00
2.089897948556635576e+00
2.000000000000000000e+00
1.945481322062509122e+00
1.648528137423857176e+00
1.765685424949237969e+00
2.000000000000000000e+00
1.882842712474619207e+00
2.269693845669906729e+00
1.765685424949237969e+00
1.765685424949237969e+00
1.882842712474619207e+00
1.414213562373095145e+00
1.648528137423857176e+00
1.765685424949237969e+00
1.531370849898476161e+00
1.414213562373095145e+00
1.648528137423857176e+00
8.485281374238571317e-01
1.882842712474619207e+00
3.283007242156128935e+00
1.131370849898476028e+00
2.000000000000000000e+00
1.882842712474619207e+00
2.359591794226542305e+00
1.882842712474619207e+00
1.414213562373095145e+00
2.000000000000000000e+00
8.485281374238571317e-01
1.131370849898476028e+00
2.828427124746190291e+00
2.449489742783177881e+00
2.062638609587890137e+00
2.062638609587890137e+00
1.765685424949237969e+00
1.882842712474619207e+00
2.676852171960985238e+00
2.000000000000000000e+00
2.179795897113271597e+00
2.359591794226542305e+00
2.269693845669906729e+00
2.676852171960985238e+00
1.131370849898476028e+00
2.449489742783177881e+00
1.882842712474619207e+00
1.972740661031254561e+00
8.485281374238571317e-01
1.531370849898476161e+00
8.485281374238571317e-01
1.765685424949237969e+00
8.485281374238571317e-01
1.648528137423857176e+00
0.000000000000000000e+00
1.648528137423857176e+00
2.000000000000000000e+00
2.586954223404349662e+00
2.359591794226542305e+00
1.882842712474619207e+00
2.089897948556635576e+00
2.449489742783177881e+00
1.765685424949237969e+00
1.882842712474619207e+00
2.089897948556635576e+00
2.152536558144525713e+00
1.414213562373095145e+00
2.359591794226542305e+00
1.765685424949237969e+00
1.648528137423857176e+00
2.062638609587890137e+00
2.000000000000000000e+00
1.765685424949237969e+00
2.359591794226542305e+00
1.365685424949238058e+00
2.000000000000000000e+00
1.765685424949237969e+00
8.485281374238571317e-01
1.414213562373095145e+00
1.531370849898476161e+00
1.131370849898476028e+00
2.359591794226542305e+00
2.000000000000000000e+00
1.131370849898476028e+00
2.752639648353587543e+00
2.449489742783177881e+00
2.000000000000000000e+00
2.179795897113271597e+00
1.882842712474619207e+00
2.676852171960985238e+00
5.656854249492380138e-01
1.882842712474619207e+00
2.449489742783177881e+00
1.882842712474619207e+00
2.089897948556635576e+00
2.269693845669906729e+00
2.449489742783177881e+00
1.131370849898476028e+00
1.765685424949237969e+00
2.179795897113271597e+00
1.414213562373095145e+00
1.765685424949237969e+00
1.414213562373095145e+00
1.882842712474619207e+00
1.779795897113271241e+00
1.765685424949237969e+00
1.414213562373095145e+00
2.089897948556635576e+00
1.482842712474619074e+00
1.531370849898476161e+00
2.179795897113271597e+00
2.000000000000000000e+00
2.676852171960985238e+00
2.000000000000000000e+00
1.765685424949237969e+00
1.882842712474619207e+00
1.765685424949237969e+00
1.414213562373095145e+00
2.269693845669906729e+00
1.882842712474619207e+00
2.000000000000000000e+00
1.882842712474619207e+00
2.511166747011746914e+00
2.828427124746190291e+00
2.000000000000000000e+00
8.485281374238571317e-01
2.752639648353587543e+00
2.000000000000000000e+00
1.882842712474619207e+00
1.414213562373095145e+00
2.000000000000000000e+00
2.752639648353587543e+00
1.882842712474619207e+00
1.531370849898476161e+00
8.485281374238571317e-01
2.359591794226542305e+00
2.525277219175780186e+00
2.752639648353587543e+00
1.414213562373095145e+00
2.435379270619144609e+00
1.414213562373095145e+00
2.601064695568382934e+00
8.485281374238571317e-01
0.000000000000000000e+00
2.089897948556635576e+00
1.765685424949237969e+00
2.676852171960985238e+00
1.414213562373095145e+00
8.485281374238571317e-01
2.359591794226542305e+00
